0,1,1
1,1,2
2,1,3
3,1,4
4,1,5
5,1,6
6,1,7
7,1,8
8,1,9
9,1,10
10,1,11
11,1,12
12,1,13
13,1,14
14,1,15
15,1,16
16,1,17
17,37,16
18,37,106
19,37,199
20,37,200
21,37,89
22,14,89
23,17,106
24,79,89
25,222,89
26,229,200
27,14,88
28,14,90
29,14,91
30,14,85
31,17,100
32,17,101
33,17,102
34,17,103
35,17,104
36,17,105
37,17,107
38,17,108
39,17,109
40,79,375
41,79,376
42,79,214
43,79,377
44,79,378
45,79,379
46,79,380
47,79,334
48,222,883
49,222,893
50,222,894
51,229,43
52,229,883
53,229,915
54,229,916
55,229,917
56,229,918
57,6,43
58,13,85
59,23,91
60,29,107
61,41,214
62,69,334
63,81,378
64,94,334
65,100,88
66,130,105
67,130,377
68,211,214
69,219,883
70,220,883
71,221,883
72,224,883
73,225,883
74,226,883
75,227,883
76,228,883
77,230,883
78,231,883
79,239,334
80,267,43
81,280,43
82,6,41
83,6,42
84,6,44
85,6,45
86,6,46
87,6,47
88,13,83
89,13,84
90,13,86
91,13,87
92,23,131
93,23,132
94,29,157
95,29,158
96,29,144
97,29,159
98,41,183
99,41,213
100,69,333
101,69,129
102,81,391
103,81,392
104,81,393
105,94,453
106,94,454
107,94,455
108,100,471
109,100,183
110,130,394
111,130,160
112,130,605
113,130,606
114,130,607
115,130,608
116,130,609
117,130,610
118,211,832
119,211,183
120,211,833
121,211,834
122,219,884
123,219,634
124,219,885
125,219,672
126,220,886
127,220,887
128,220,888
129,221,321
130,221,889
131,221,890
132,221,891
133,221,892
134,224,257
135,224,896
136,224,897
137,225,124
138,225,898
139,225,899
140,225,900
141,225,901
142,225,902
143,226,903
144,226,904
145,226,905
146,226,298
147,226,906
148,227,907
149,227,908
150,227,822
151,227,909
152,228,910
153,228,129
154,228,911
155,228,912
156,228,913
157,228,914
158,230,905
159,230,919
160,230,920
161,230,921
162,230,922
163,230,923
164,230,924
165,230,339
166,230,925
167,230,926
168,230,927
169,231,928
170,239,591
171,239,947
172,239,948
173,267,1036
174,267,72
175,280,868
176,280,1060
177,280,1061
178,280,1062
179,280,1063
180,280,1064
181,11,72
182,22,124
183,22,129
184,25,42
185,26,144
186,30,160
187,32,160
188,34,183
189,38,84
190,42,129
191,48,124
192,51,257
193,54,183
194,57,41
195,57,298
196,58,83
197,64,124
198,64,321
199,70,339
200,82,394
201,89,392
202,89,86
203,90,392
204,91,392
205,96,86
206,103,392
207,105,394
208,120,392
209,127,321
210,128,591
211,132,131
212,132,124
213,136,86
214,137,47
215,139,83
216,139,634
217,140,392
218,147,672
219,148,591
220,174,453
221,205,822
222,212,391
223,216,868
224,241,868
225,242,83
226,249,41
227,249,298
228,261,183
229,262,393
230,268,72
231,274,471
232,274,183
233,11,73
234,11,74
235,11,75
236,11,76
237,11,77
238,11,78
239,11,79
240,22,125
241,22,126
242,22,127
243,22,128
244,22,130
245,25,135
246,25,136
247,25,137
248,25,138
249,26,139
250,26,140
251,26,141
252,26,49
253,26,142
254,26,143
255,30,161
256,30,162
257,30,163
258,30,164
259,30,165
260,30,166
261,30,167
262,30,168
263,30,169
264,32,173
265,32,174
266,32,175
267,32,176
268,32,177
269,32,178
270,32,179
271,34,184
272,34,185
273,34,186
274,34,187
275,34,188
276,38,138
277,38,201
278,38,202
279,42,215
280,48,245
281,48,246
282,48,247
283,48,248
284,51,253
285,51,254
286,51,255
287,51,256
288,54,268
289,54,269
290,54,184
291,54,270
292,54,271
293,54,272
294,57,283
295,57,284
296,57,285
297,57,286
298,57,287
299,57,288
300,57,289
301,57,290
302,57,291
303,57,292
304,57,293
305,57,294
306,57,295
307,57,296
308,57,297
309,57,299
310,57,300
311,57,301
312,57,302
313,57,303
314,58,256
315,58,304
316,58,305
317,64,320
318,64,322
319,64,323
320,70,335
321,70,336
322,70,337
323,70,338
324,82,363
325,82,395
326,82,396
327,82,397
328,89,421
329,89,422
330,89,423
331,89,424
332,89,425
333,89,426
334,89,427
335,90,428
336,90,429
337,90,430
338,90,431
339,90,432
340,90,433
341,90,434
342,90,435
343,90,436
344,90,437
345,90,438
346,91,439
347,91,440
348,96,460
349,103,482
350,103,483
351,103,484
352,105,487
353,120,466
354,120,549
355,120,550
356,120,546
357,120,551
358,120,544
359,120,547
360,120,552
361,120,382
362,127,317
363,127,586
364,127,587
365,127,588
366,127,589
367,127,590
368,127,143
369,128,268
370,128,592
371,128,593
372,128,594
373,132,611
374,132,612
375,136,620
376,136,362
377,136,184
378,136,437
379,136,629
380,136,630
381,136,142
382,136,631
383,136,632
384,136,82
385,136,317
386,137,236
387,139,633
388,139,635
389,139,636
390,140,549
391,140,637
392,140,546
393,140,362
394,140,452
395,140,544
396,140,547
397,140,382
398,147,445
399,147,670
400,147,212
401,147,671
402,147,673
403,148,674
404,148,675
405,148,428
406,148,483
407,148,676
408,148,677
409,148,678
410,148,679
411,148,680
412,148,681
413,148,682
414,148,683
415,148,684
416,148,685
417,174,60
418,174,742
419,174,743
420,174,744
421,174,745
422,205,820
423,205,821
424,212,632
425,212,835
426,216,869
427,216,870
428,216,871
429,216,872
430,216,873
431,216,465
432,216,329
433,241,511
434,241,956
435,241,957
436,241,958
437,242,959
438,242,960
439,242,365
440,242,961
441,242,962
442,242,963
443,242,964
444,242,308
445,249,990
446,249,991
447,249,357
448,249,936
449,249,992
450,249,993
451,249,216
452,249,994
453,261,82
454,261,537
455,261,869
456,261,1018
457,261,1019
458,262,1020
459,262,1021
460,262,1022
461,262,1023
462,262,1024
463,262,1025
464,262,138
465,262,537
466,268,1037
467,274,329
468,274,512
469,274,523
470,274,1044
471,274,869
472,274,1045
473,274,1046
474,274,1047
475,7,49
476,9,60
477,12,73
478,12,82
479,40,212
480,43,216
481,46,236
482,47,216
483,50,135
484,50,202
485,50,143
486,50,138
487,52,215
488,55,268
489,59,308
490,60,60
491,60,161
492,62,247
493,63,317
494,67,329
495,67,127
496,72,125
497,74,357
498,75,317
499,75,362
500,75,363
501,76,365
502,76,184
503,80,382
504,86,308
505,92,445
506,92,126
507,93,452
508,98,465
509,98,466
510,111,511
511,111,512
512,112,308
513,113,255
514,113,256
515,115,523
516,116,537
517,119,465
518,119,77
519,119,544
520,119,546
521,119,547
522,119,382
523,121,138
524,122,465
525,122,253
526,131,465
527,131,77
528,131,544
529,131,547
530,131,382
531,133,254
532,134,465
533,135,620
534,141,138
535,142,139
536,145,430
537,151,588
538,195,611
539,209,308
540,209,212
541,214,742
542,215,466
543,217,429
544,217,512
545,217,82
546,223,288
547,233,936
548,240,872
549,244,511
550,251,60
551,265,430
552,279,436
553,281,338
554,286,135
555,286,272
556,292,429
557,292,512
558,292,1018
559,301,212
560,305,137
561,305,49
562,318,79
563,322,308
564,7,48
565,7,50
566,7,51
567,7,52
568,7,53
569,9,61
570,9,62
571,9,63
572,9,64
573,9,65
574,12,80
575,12,81
576,40,207
577,40,208
578,40,209
579,40,210
580,40,211
581,43,217
582,43,218
583,43,219
584,43,220
585,43,221
586,43,222
587,43,223
588,43,224
589,46,237
590,46,238
591,46,239
592,46,240
593,46,241
594,46,242
595,47,217
596,47,223
597,47,218
598,47,220
599,47,221
600,47,222
601,47,243
602,47,244
603,50,252
604,52,258
605,52,259
606,52,260
607,52,261
608,55,273
609,55,274
610,55,275
611,59,306
612,59,307
613,59,309
614,59,310
615,60,311
616,60,312
617,62,315
618,62,57
619,62,316
620,63,318
621,63,319
622,67,330
623,67,331
624,67,332
625,72,347
626,72,341
627,74,354
628,74,355
629,74,356
630,74,358
631,74,359
632,74,360
633,74,361
634,75,364
635,76,325
636,76,366
637,76,367
638,80,381
639,80,383
640,80,384
641,80,385
642,80,386
643,80,387
644,80,388
645,80,389
646,80,390
647,86,410
648,86,411
649,86,111
650,86,412
651,86,409
652,92,441
653,92,442
654,92,443
655,92,444
656,92,446
657,92,447
658,93,448
659,93,449
660,93,450
661,93,451
662,98,467
663,112,513
664,112,514
665,113,515
666,113,516
667,113,517
668,115,522
669,115,524
670,115,525
671,115,70
672,116,526
673,116,527
674,116,528
675,116,529
676,116,530
677,116,531
678,116,532
679,116,533
680,116,534
681,116,535
682,116,536
683,119,542
684,119,543
685,119,545
686,119,548
687,121,553
688,121,554
689,121,555
690,121,556
691,122,557
692,122,558
693,122,559
694,122,560
695,122,561
696,122,562
697,131,542
698,131,543
699,131,545
700,131,548
701,133,613
702,133,614
703,133,615
704,133,616
705,134,617
706,134,618
707,134,619
708,134,560
709,134,557
710,135,621
711,135,622
712,135,623
713,135,624
714,135,625
715,135,626
716,135,627
717,135,628
718,141,638
719,141,639
720,141,640
721,141,641
722,142,642
723,142,643
724,142,644
725,142,645
726,142,646
727,142,647
728,142,648
729,145,658
730,145,659
731,145,660
732,145,580
733,145,661
734,145,662
735,145,663
736,145,264
737,145,664
738,145,665
739,151,690
740,151,691
741,151,692
742,151,693
743,151,694
744,195,798
745,195,799
746,195,800
747,195,801
748,209,829
749,209,830
750,214,859
751,214,860
752,214,861
753,214,862
754,214,863
755,215,864
756,215,865
757,215,866
758,215,867
759,215,19
760,217,874
761,217,875
762,217,876
763,217,877
764,217,878
765,223,114
766,223,156
767,223,895
768,233,655
769,233,937
770,233,938
771,240,949
772,240,950
773,240,951
774,240,952
775,240,953
776,240,954
777,240,955
778,244,966
779,244,228
780,244,312
781,244,967
782,244,877
783,244,968
784,244,969
785,244,970
786,251,996
787,251,997
788,251,998
789,265,1030
790,265,1031
791,265,1032
792,279,1057
793,279,1058
794,279,1059
795,281,119
796,286,1076
797,286,1077
798,286,1078
799,286,946
800,286,1079
801,292,312
802,292,1096
803,301,111
804,301,408
805,305,1147
806,305,1148
807,305,1149
808,305,1150
809,318,1172
810,318,781
811,318,1173
812,318,1174
813,322,340
814,322,399
815,322,514
816,322,650
817,322,1181
818,322,1182
819,2,19
820,8,57
821,10,70
822,18,111
823,19,114
824,20,119
825,28,156
826,36,114
827,45,228
828,45,220
829,53,264
830,65,325
831,68,62
832,71,340
833,71,341
834,77,354
835,78,261
836,83,399
837,84,306
838,85,408
839,85,409
840,118,443
841,118,307
842,126,580
843,143,650
844,144,655
845,146,210
846,150,111
847,150,444
848,156,514
849,188,781
850,192,655
851,198,655
852,201,781
853,201,111
854,203,70
855,204,111
856,232,111
857,234,655
858,238,946
859,250,829
860,264,938
861,264,514
862,282,111
863,294,410
864,298,52
865,302,969
866,302,312
867,307,347
868,309,81
869,313,412
870,314,306
871,321,441
872,2,18
873,8,54
874,8,55
875,8,56
876,8,58
877,8,59
878,10,66
879,10,67
880,10,68
881,10,69
882,10,71
883,18,110
884,18,112
885,18,113
886,19,115
887,19,116
888,19,117
889,20,118
890,20,120
891,20,121
892,20,37
893,28,153
894,28,154
895,28,155
896,36,194
897,36,195
898,36,196
899,36,197
900,36,198
901,45,227
902,45,229
903,45,230
904,45,231
905,45,232
906,45,233
907,45,234
908,45,235
909,53,262
910,53,263
911,53,265
912,53,266
913,53,267
914,65,324
915,71,342
916,71,343
917,71,282
918,71,344
919,71,345
920,71,346
921,77,368
922,77,369
923,77,370
924,77,371
925,78,372
926,78,373
927,78,374
928,83,398
929,83,400
930,83,401
931,84,402
932,84,403
933,84,401
934,84,404
935,84,405
936,85,406
937,85,407
938,118,539
939,118,540
940,118,541
941,126,575
942,126,576
943,126,577
944,126,578
945,126,579
946,126,581
947,126,582
948,126,583
949,126,584
950,126,585
951,143,649
952,143,651
953,143,652
954,143,653
955,143,654
956,144,656
957,144,657
958,146,666
959,146,667
960,146,668
961,146,669
962,146,348
963,150,493
964,150,689
965,188,698
966,192,789
967,192,790
968,192,791
969,192,792
970,192,793
971,198,398
972,198,809
973,198,810
974,198,811
975,201,804
976,201,813
977,203,815
978,203,816
979,203,817
980,203,818
981,204,788
982,204,794
983,204,819
984,232,929
985,232,930
986,232,931
987,232,932
988,232,933
989,232,934
990,232,935
991,234,794
992,234,939
993,238,204
994,238,943
995,238,944
996,238,945
997,250,666
998,250,995
999,250,979
1000,264,1029
1001,282,1049
1002,282,1065
1003,282,1066
1004,282,1067
1005,294,1102
1006,298,1108
1007,298,1109
1008,298,1110
1009,298,1111
1010,298,1112
1011,298,1113
1012,302,1139
1013,302,1140
1014,302,1141
1015,302,1142
1016,302,1143
1017,307,1151
1018,307,1152
1019,309,1156
1020,309,1157
1021,313,1165
1022,313,1166
1023,314,563
1024,321,1176
1025,5,37
1026,21,18
1027,24,18
1028,39,204
1029,44,196
1030,56,282
1031,61,282
1032,73,348
1033,87,263
1034,107,493
1035,117,196
1036,123,563
1037,138,196
1038,152,698
1039,158,110
1040,181,698
1041,185,493
1042,191,788
1043,193,794
1044,196,403
1045,196,804
1046,206,398
1047,207,790
1048,207,400
1049,210,263
1050,235,816
1051,236,794
1052,245,118
1053,247,979
1054,248,794
1055,254,794
1056,254,788
1057,257,790
1058,259,788
1059,269,403
1060,273,789
1061,276,698
1062,276,1049
1063,277,788
1064,278,930
1065,283,811
1066,284,1029
1067,289,817
1068,297,788
1069,299,58
1070,300,577
1071,303,407
1072,316,666
1073,316,689
1074,319,1176
1075,5,34
1076,5,35
1077,5,36
1078,5,38
1079,5,39
1080,5,40
1081,21,122
1082,21,123
1083,24,133
1084,24,134
1085,39,203
1086,39,205
1087,39,206
1088,44,225
1089,44,226
1090,56,92
1091,56,276
1092,56,277
1093,56,278
1094,56,279
1095,56,280
1096,56,281
1097,61,313
1098,61,314
1099,73,349
1100,73,350
1101,73,351
1102,73,352
1103,73,353
1104,87,413
1105,87,414
1106,107,489
1107,107,490
1108,107,491
1109,107,492
1110,107,494
1111,107,495
1112,117,538
1113,123,92
1114,123,564
1115,123,26
1116,138,226
1117,152,695
1118,152,696
1119,152,697
1120,158,700
1121,158,710
1122,181,762
1123,181,763
1124,181,764
1125,185,772
1126,185,773
1127,185,774
1128,185,775
1129,191,787
1130,193,729
1131,193,205
1132,196,802
1133,196,803
1134,206,812
1135,206,823
1136,207,824
1137,207,825
1138,207,826
1139,207,827
1140,210,831
1141,235,940
1142,235,941
1143,235,97
1144,235,942
1145,236,478
1146,245,457
1147,245,971
1148,245,972
1149,245,973
1150,245,974
1151,245,975
1152,247,978
1153,247,980
1154,247,981
1155,247,982
1156,247,983
1157,247,984
1158,248,478
1159,248,985
1160,248,986
1161,248,987
1162,248,988
1163,248,989
1164,254,770
1165,254,1003
1166,254,715
1167,254,1004
1168,257,1007
1169,259,1011
1170,259,1012
1171,259,1013
1172,269,1038
1173,269,1039
1174,273,478
1175,273,181
1176,276,1050
1177,276,1051
1178,277,1052
1179,277,1053
1180,277,1054
1181,278,1055
1182,278,1056
1183,283,725
1184,283,803
1185,284,1068
1186,289,1087
1187,289,205
1188,289,1088
1189,289,1089
1190,297,1107
1191,297,765
1192,297,1074
1193,297,1071
1194,299,1114
1195,299,1115
1196,299,1116
1197,299,1117
1198,299,1118
1199,299,1119
1200,299,1120
1201,299,1121
1202,299,1122
1203,299,1123
1204,299,1124
1205,299,1125
1206,299,1126
1207,299,1127
1208,299,1128
1209,299,1129
1210,299,1130
1211,299,1131
1212,299,1132
1213,299,1133
1214,299,1134
1215,299,566
1216,300,1135
1217,300,1136
1218,300,39
1219,300,1137
1220,300,1138
1221,300,857
1222,303,1144
1223,303,20
1224,316,418
1225,316,1170
1226,316,1171
1227,319,1175
1228,319,1177
1229,319,1167
1230,319,1178
1231,319,725
1232,3,20
1233,4,26
1234,15,92
1235,16,97
1236,31,97
1237,33,181
1238,49,97
1239,88,418
1240,95,457
1241,99,457
1242,102,478
1243,108,491
1244,124,566
1245,125,566
1246,129,225
1247,153,700
1248,155,492
1249,161,715
1250,164,725
1251,165,725
1252,166,729
1253,170,492
1254,175,492
1255,175,494
1256,179,26
1257,182,765
1258,184,770
1259,186,729
1260,187,478
1261,199,478
1262,200,787
1263,200,812
1264,202,489
1265,202,97
1266,213,35
1267,213,39
1268,213,857
1269,218,38
1270,237,772
1271,255,20
1272,260,564
1273,275,495
1274,285,1071
1275,285,1074
1276,287,492
1277,290,770
1278,291,494
1279,296,1068
1280,306,1068
1281,311,35
1282,315,1167
1283,323,710
1284,3,21
1285,3,22
1286,3,23
1287,3,24
1288,3,25
1289,4,27
1290,4,28
1291,4,29
1292,4,30
1293,4,31
1294,4,32
1295,4,33
1296,15,93
1297,15,94
1298,15,95
1299,15,96
1300,16,98
1301,16,99
1302,31,170
1303,31,171
1304,31,172
1305,33,180
1306,33,182
1307,49,249
1308,49,250
1309,49,251
1310,88,415
1311,88,416
1312,88,417
1313,88,419
1314,88,420
1315,95,456
1316,95,458
1317,95,459
1318,99,468
1319,99,469
1320,99,458
1321,99,470
1322,102,476
1323,102,477
1324,102,479
1325,102,480
1326,102,481
1327,108,496
1328,108,497
1329,108,498
1330,108,499
1331,108,500
1332,108,501
1333,108,502
1334,108,503
1335,124,565
1336,124,145
1337,124,567
1338,124,568
1339,124,569
1340,125,570
1341,125,571
1342,125,572
1343,125,565
1344,125,573
1345,125,574
1346,129,595
1347,129,596
1348,129,597
1349,129,598
1350,129,599
1351,129,600
1352,129,601
1353,129,602
1354,129,603
1355,129,604
1356,153,699
1357,153,496
1358,153,701
1359,155,702
1360,155,706
1361,155,707
1362,161,716
1363,161,717
1364,164,723
1365,164,724
1366,165,726
1367,165,727
1368,166,728
1369,170,180
1370,170,735
1371,175,746
1372,175,737
1373,179,497
1374,179,750
1375,179,751
1376,179,752
1377,179,753
1378,179,754
1379,179,755
1380,182,415
1381,182,718
1382,182,766
1383,184,718
1384,184,769
1385,184,771
1386,186,728
1387,186,776
1388,186,777
1389,186,778
1390,186,779
1391,187,780
1392,187,485
1393,187,416
1394,187,686
1395,199,476
1396,199,416
1397,202,814
1398,213,836
1399,213,837
1400,213,838
1401,213,839
1402,213,840
1403,213,841
1404,213,842
1405,213,843
1406,213,844
1407,213,845
1408,213,846
1409,213,847
1410,213,848
1411,213,849
1412,213,850
1413,213,851
1414,213,852
1415,213,853
1416,213,854
1417,213,855
1418,213,856
1419,213,858
1420,218,879
1421,218,880
1422,218,602
1423,218,881
1424,218,462
1425,218,882
1426,255,1005
1427,255,1002
1428,260,1014
1429,260,1015
1430,260,1016
1431,260,796
1432,260,1017
1433,275,1048
1434,275,771
1435,285,1069
1436,285,1070
1437,285,1002
1438,285,1072
1439,285,1073
1440,285,721
1441,285,1075
1442,287,1080
1443,287,1081
1444,287,1082
1445,290,708
1446,290,477
1447,290,1090
1448,290,416
1449,291,1091
1450,291,1092
1451,291,1093
1452,291,1094
1453,291,1095
1454,296,1104
1455,296,1105
1456,296,1106
1457,306,417
1458,311,858
1459,311,1162
1460,311,1163
1461,315,472
1462,315,1168
1463,315,1169
1464,315,732
1465,323,999
1466,323,1183
1467,323,1184
1468,323,1185
1469,27,145
1470,97,462
1471,101,472
1472,104,485
1473,104,416
1474,106,476
1475,114,469
1476,149,472
1477,149,686
1478,154,702
1479,157,708
1480,157,477
1481,159,708
1482,160,472
1483,162,718
1484,162,721
1485,163,415
1486,163,718
1487,167,732
1488,168,172
1489,169,485
1490,169,416
1491,172,737
1492,173,499
1493,177,737
1494,178,708
1495,178,477
1496,183,477
1497,183,721
1498,189,472
1499,194,796
1500,243,502
1501,252,999
1502,252,1002
1503,253,732
1504,256,459
1505,258,502
1506,270,726
1507,270,724
1508,270,723
1509,271,732
1510,272,707
1511,288,417
1512,293,1092
1513,295,485
1514,310,462
1515,312,726
1516,312,780
1517,317,502
1518,320,456
1519,324,497
1520,27,146
1521,27,147
1522,27,148
1523,27,149
1524,27,150
1525,27,151
1526,27,152
1527,97,461
1528,97,463
1529,97,464
1530,101,473
1531,101,474
1532,101,475
1533,104,486
1534,106,488
1535,114,518
1536,114,508
1537,114,519
1538,114,520
1539,114,521
1540,149,486
1541,149,687
1542,149,688
1543,154,703
1544,154,704
1545,154,705
1546,157,709
1547,159,488
1548,159,711
1549,160,712
1550,160,713
1551,160,714
1552,162,719
1553,162,720
1554,163,722
1555,167,730
1556,167,731
1557,168,733
1558,168,734
1559,172,738
1560,173,739
1561,173,740
1562,173,741
1563,177,722
1564,178,509
1565,183,767
1566,183,768
1567,189,782
1568,189,783
1569,189,784
1570,194,785
1571,194,795
1572,194,797
1573,243,965
1574,252,1000
1575,252,1001
1576,256,1006
1577,258,1008
1578,258,1009
1579,258,1010
1580,270,1040
1581,271,1041
1582,271,1042
1583,271,736
1584,272,760
1585,272,1043
1586,272,1028
1587,288,1083
1588,288,1084
1589,288,1085
1590,288,1086
1591,293,1097
1592,293,1098
1593,293,1099
1594,293,1100
1595,293,1101
1596,295,1103
1597,310,1158
1598,310,1159
1599,310,1160
1600,310,1161
1601,312,1164
1602,312,1040
1603,320,1179
1604,320,808
1605,320,1180
1606,324,1103
1607,324,1186
1608,324,1187
1609,324,1188
1610,109,508
1611,110,509
1612,171,731
1613,171,736
1614,176,730
1615,180,760
1616,190,785
1617,197,808
1618,263,1028
1619,308,508
1620,109,504
1621,109,505
1622,109,506
1623,109,507
1624,110,191
1625,110,190
1626,110,189
1627,110,192
1628,110,510
1629,176,747
1630,176,748
1631,176,749
1632,180,756
1633,180,757
1634,180,758
1635,180,759
1636,180,761
1637,190,786
1638,197,805
1639,197,806
1640,197,807
1641,263,1026
1642,263,1027
1643,308,1153
1644,308,1154
1645,308,1155
1646,35,189
1647,35,190
1648,35,191
1649,35,192
1650,246,756
1651,266,191
1652,266,190
1653,266,189
1654,266,192
1655,266,510
1656,304,191
1657,304,189
1658,304,190
1659,304,510
1660,35,193
1661,246,828
1662,246,327
1663,246,976
1664,246,977
1665,266,1033
1666,266,1034
1667,266,1035
1668,304,1145
1669,304,1146
1670,66,327
1671,208,828
1672,66,326
1673,66,328
