0,1,1
1,1,2
2,1,3
3,1,4
4,1,5
5,1,6
6,1,7
7,1,8
8,1,9
9,1,10
10,1,11
11,1,12
12,1,13
13,1,14
14,1,15
15,1,16
16,1,17
17,1,18
18,1,19
19,1,20
20,1,21
21,1,22
22,3,20
23,4,15
24,13,4
25,13,6
26,16,18
27,21,20
28,34,8
29,34,11
30,34,12
31,34,16
32,50,16
33,94,18
34,104,10
35,112,2
36,136,20
37,137,20
38,143,22
39,146,19
40,147,10
41,149,13
42,151,7
43,161,10
44,161,21
45,167,10
46,167,19
47,170,20
48,171,10
49,171,15
50,188,20
51,204,10
52,209,17
53,213,18
54,215,10
55,221,9
56,223,10
57,224,15
58,21,53
59,146,50
60,146,171
61,146,175
62,147,170
63,167,51
64,167,102
65,167,178
66,167,52
67,167,179
68,167,180
69,167,97
70,167,181
71,167,112
72,204,140
73,204,201
74,209,62
75,19,50
76,20,51
77,20,52
78,25,62
79,26,51
80,41,62
81,43,50
82,51,62
83,57,97
84,59,52
85,60,62
86,64,102
87,69,112
88,75,102
89,106,140
90,118,50
91,123,170
92,123,171
93,127,140
94,129,112
95,131,62
96,163,62
97,166,97
98,179,140
99,181,112
100,190,62
101,193,62
102,195,51
103,195,102
104,197,62
105,197,201
106,201,52
107,205,50
108,206,50
109,207,50
110,219,201
111,222,62
112,25,63
113,25,64
114,25,61
115,60,24
116,106,23
117,106,141
118,106,142
119,106,143
120,106,129
121,106,144
122,127,158
123,193,115
124,193,192
125,193,193
126,193,184
127,193,194
128,197,33
129,197,195
130,197,196
131,197,197
132,197,198
133,197,115
134,197,37
135,197,199
136,197,192
137,197,63
138,197,127
139,197,200
140,197,77
141,197,194
142,197,172
143,197,61
144,219,203
145,222,204
146,222,205
147,222,24
148,222,206
149,222,33
150,222,184
151,222,114
152,222,163
153,2,23
154,5,24
155,7,33
156,11,37
157,24,61
158,27,77
159,30,77
160,38,24
161,38,33
162,39,77
163,53,24
164,53,33
165,66,77
166,72,114
167,73,115
168,86,127
169,88,129
170,91,33
171,93,33
172,100,115
173,105,129
174,108,141
175,108,144
176,111,158
177,111,163
178,115,64
179,116,64
180,122,33
181,126,172
182,148,33
183,168,143
184,173,33
185,173,184
186,177,158
187,184,77
188,208,61
189,27,65
190,27,66
191,27,67
192,27,68
193,27,69
194,27,70
195,27,27
196,27,71
197,27,72
198,27,73
199,27,74
200,27,75
201,27,76
202,39,81
203,39,80
204,39,82
205,39,83
206,39,57
207,39,58
208,66,104
209,66,105
210,66,106
211,66,107
212,66,108
213,100,132
214,100,88
215,108,145
216,111,79
217,111,148
218,111,149
219,111,150
220,111,151
221,111,152
222,111,153
223,111,154
224,111,155
225,111,156
226,111,157
227,111,159
228,111,160
229,111,161
230,111,162
231,168,182
232,184,187
233,184,60
234,184,188
235,184,103
236,6,27
237,22,57
238,22,58
239,23,60
240,28,71
241,28,75
242,29,75
243,32,79
244,37,80
245,42,65
246,47,88
247,58,57
248,65,103
249,67,104
250,79,68
251,87,69
252,95,132
253,102,65
254,107,145
255,119,160
256,134,68
257,141,74
258,145,71
259,145,74
260,145,75
261,169,155
262,172,76
263,182,153
264,185,103
265,191,150
266,192,71
267,192,73
268,6,25
269,6,26
270,6,28
271,6,29
272,6,30
273,6,31
274,6,32
275,22,54
276,22,55
277,22,56
278,22,59
279,28,35
280,29,35
281,42,85
282,58,98
283,58,99
284,58,100
285,67,109
286,67,110
287,67,111
288,67,101
289,79,113
290,79,119
291,79,120
292,79,121
293,79,122
294,79,123
295,87,128
296,119,166
297,119,87
298,119,167
299,119,168
300,134,122
301,141,174
302,172,38
303,172,183
304,182,185
305,182,186
306,185,95
307,185,189
308,185,173
309,191,190
310,191,177
311,191,191
312,9,35
313,12,38
314,33,29
315,35,28
316,36,28
317,44,32
318,45,32
319,46,87
320,52,59
321,54,95
322,61,55
323,62,101
324,68,29
325,70,113
326,71,31
327,74,95
328,76,100
329,77,32
330,78,110
331,78,111
332,80,113
333,82,32
334,85,32
335,90,121
336,110,95
337,113,32
338,114,25
339,114,32
340,125,87
341,132,173
342,133,26
343,135,29
344,138,29
345,140,174
346,142,174
347,144,35
348,152,173
349,158,32
350,159,32
351,162,32
352,165,177
353,174,29
354,175,54
355,176,26
356,178,55
357,180,128
358,183,185
359,186,87
360,186,167
361,189,95
362,194,38
363,198,186
364,200,26
365,202,32
366,203,54
367,211,191
368,214,95
369,216,95
370,217,95
371,218,95
372,220,35
373,45,86
374,45,36
375,78,116
376,78,117
377,78,118
378,82,124
379,85,126
380,110,146
381,110,147
382,114,164
383,158,139
384,162,165
385,162,78
386,162,176
387,202,202
388,10,36
389,31,78
390,84,78
391,89,116
392,89,117
393,97,36
394,101,139
395,109,146
396,117,165
397,124,147
398,130,78
399,153,165
400,157,86
401,89,130
402,89,131
403,128,131
404,128,90
405,48,90
406,49,90
407,48,84
408,48,89
409,48,91
410,48,92
411,48,93
412,48,48
413,48,46
414,49,94
415,49,92
416,15,46
417,17,48
418,18,48
419,40,84
420,81,91
421,92,46
422,96,84
423,98,46
424,120,48
425,15,40
426,15,41
427,15,39
428,15,42
429,15,43
430,15,44
431,15,45
432,17,47
433,18,49
434,92,125
435,96,133
436,96,134
437,96,135
438,96,136
439,96,137
440,120,96
441,14,39
442,55,96
443,56,96
444,56,44
445,63,39
446,83,125
447,103,96
448,121,125
449,139,135
450,150,45
451,154,41
452,154,39
453,155,43
454,156,135
455,160,41
456,164,42
457,187,125
458,210,41
459,212,136
460,121,169
461,139,138
462,212,34
463,8,34
464,99,138
465,196,34
466,199,138
